Starting 4 worker threads...
Workers: 4 (maintenance threads: 1) | write_pct=5 | ttl_ns=1000000000 | batch=256 | keyspace=1048576 hot=65536 (90%)
Time | Ops/s | Hit% | Miss% | Exp% | Writes/s | Latency(ns) | Epoch | RSS(KB) | Evict/s | Clean/s | Retire/s
------------------------------------------------------------------------------------------------------------------
 1s | 36172219 |  85.77 |  14.23 |   0.00 |  1569211 |       30355 |     0 |  677304 |       0 |       0 |   1361470
 2s | 26316176 |  91.14 |   8.51 |   0.35 |  1252752 |       41101 |     1 |  677368 |    5520 |     133 |   1240359
 3s | 30333340 |  91.18 |   8.50 |   0.31 |  1276316 |       36178 |     2 |  680784 |    5559 |     192 |   1266221
 4s | 34130562 |  91.31 |   8.46 |   0.24 |  1170050 |       32108 |     2 |  688836 |    4675 |       0 |   1155744
 5s | 28873423 |  92.16 |   7.83 |   0.01 |  1372879 |       38080 |     3 |  688836 |     239 |       0 |   1277796
 6s | 30046075 |  92.27 |   7.46 |   0.28 |  1066875 |       36865 |     4 |  688836 |    4041 |     147 |   1076074
 7s | 32760672 |  91.94 |   7.78 |   0.28 |   815968 |       31825 |     4 |  691424 |    3610 |       0 |    849339
 8s | 24616843 |  91.57 |   8.09 |   0.34 |  1171339 |       42496 |     5 |  691424 |    6428 |     257 |   1166149
 9s | 29588403 |  92.48 |   7.51 |   0.01 |  1194931 |       37101 |     6 |  691424 |     300 |       0 |   1118263
10s | 30458677 |  92.81 |   6.99 |   0.21 |   979765 |       33921 |     6 |  691424 |    2354 |       0 |    981980
11s | 27798951 |  92.44 |   7.25 |   0.31 |  1281447 |       39948 |     7 |  692204 |    5895 |     167 |   1282128
12s | 29617846 |  92.23 |   7.44 |   0.32 |   962230 |       37866 |     8 |  692676 |    5844 |     212 |    992039
13s | 31458763 |  92.39 |   7.50 |   0.11 |   955851 |       33602 |     8 |  692676 |    2617 |       0 |    925026
14s | 27484110 |  93.10 |   6.83 |   0.08 |  1126350 |       37914 |     9 |  692676 |     776 |       0 |   1079849
15s | 28199068 |  92.92 |   6.78 |   0.30 |  1312924 |       38852 |    10 |  692676 |    5603 |     143 |   1317842
16s | 30666145 |  92.52 |   7.17 |   0.31 |   847265 |       34411 |    10 |  692676 |    4805 |       0 |    886168
17s | 33174286 |  92.56 |   7.28 |   0.16 |   885518 |       32415 |    11 |  692908 |    5094 |     254 |    880658
18s | 28055616 |  93.22 |   6.78 |   0.00 |  1304640 |       38209 |    12 |  692908 |      65 |       0 |   1228948
19s | 30115037 |  93.07 |   6.70 |   0.23 |   697565 |       34362 |    12 |  692908 |    2921 |       0 |    725678
20s | 29598605 |  92.91 |   6.85 |   0.24 |   947085 |       34952 |    13 |  692908 |    3676 |     189 |    962433
21s | 27435048 |  92.51 |   7.18 |   0.31 |  1134632 |       39034 |    14 |  692908 |    6501 |     257 |   1144753
22s | 30339129 |  93.16 |   6.84 |   0.00 |   827449 |       36064 |    14 |  692908 |      77 |       0 |    780163
23s | 30102224 |  93.30 |   6.52 |   0.18 |   844496 |       34814 |    15 |  692908 |    1822 |      57 |    851508
24s | 28897113 |  92.79 |   6.93 |   0.28 |  1109849 |       36031 |    16 |  692908 |    5025 |     196 |   1121086
25s | 29766572 |  92.26 |   7.47 |   0.28 |   607148 |       35415 |    17 |  694184 |    3915 |     331 |    647391
26s | 28615710 |  92.85 |   7.09 |   0.06 |  1082398 |       37920 |    17 |  694184 |    1527 |       0 |   1030943
27s | 27129130 |  93.29 |   6.53 |   0.18 |  1254698 |       40907 |    18 |  694184 |    3147 |      16 |   1233118
28s | 29141769 |  92.98 |   6.73 |   0.29 |  1002249 |       36126 |    19 |  694184 |    4899 |     194 |   1026763
29s | 30244623 |  92.74 |   6.99 |   0.27 |   843535 |       35561 |    20 |  694184 |    4584 |     279 |    871826
30s | 31601950 |  92.57 |   7.24 |   0.19 |   980254 |       33722 |    20 |  694184 |    5391 |       0 |    974533
31s | 26395717 |  93.28 |   6.68 |   0.04 |  1250373 |       40840 |    21 |  694184 |     728 |       0 |   1189509
32s | 26395857 |  93.19 |   6.52 |   0.29 |  1012945 |       41259 |    22 |  694184 |    4349 |     174 |   1030424
33s | 30319884 |  92.91 |   6.81 |   0.27 |   902412 |       36095 |    22 |  694184 |    4643 |       0 |    930486
34s | 29038456 |  92.62 |   7.11 |   0.27 |  1169272 |       37370 |    23 |  694184 |    7319 |     274 |   1173183
35s | 28030369 |  93.26 |   6.73 |   0.01 |  1054113 |       38257 |    24 |  694184 |     241 |       0 |    997218
36s | 30239039 |  93.35 |   6.45 |   0.20 |   862527 |       34239 |    24 |  694184 |    2854 |       0 |    874604
37s | 27901624 |  93.13 |   6.60 |   0.26 |  1052344 |       37541 |    25 |  694184 |    4431 |     144 |   1064150
38s | 25928938 |  92.67 |   6.96 |   0.38 |  1103082 |       41977 |    26 |  694184 |    7983 |     303 |   1131128
39s | 29988343 |  93.19 |   6.78 |   0.02 |   865783 |       34141 |    26 |  694184 |     772 |       0 |    820931
40s | 29920417 |  93.56 |   6.31 |   0.13 |   986273 |       34918 |    27 |  694184 |    1462 |       0 |    973260
41s | 27882697 |  93.22 |   6.48 |   0.29 |  1217737 |       36845 |    28 |  694184 |    5521 |     155 |   1228841
42s | 29536170 |  92.76 |   6.94 |   0.30 |   794538 |       34670 |    29 |  694184 |    5357 |     253 |    831514
43s | 29074625 |  93.00 |   6.89 |   0.10 |   931009 |       36793 |    29 |  694184 |    3491 |       0 |    904789
44s | 26435110 |  93.61 |   6.33 |   0.06 |  1003046 |       41139 |    30 |  694184 |     578 |       0 |    965674
45s | 27442231 |  93.25 |   6.48 |   0.27 |  1039415 |       38099 |    31 |  694184 |    4717 |     150 |   1055654
46s | 30587623 |  92.99 |   6.76 |   0.25 |   723687 |       34533 |    32 |  694184 |    3748 |     248 |    755230
47s | 30319181 |  92.77 |   7.04 |   0.18 |   754253 |       34143 |    32 |  694184 |    4271 |       0 |    762515
48s | 26806609 |  93.51 |   6.49 |   0.00 |  1268049 |       38861 |    33 |  694184 |     103 |       0 |   1199479
49s | 28059767 |  93.50 |   6.25 |   0.25 |   899191 |       36494 |    34 |  694184 |    3457 |     185 |    919592
50s | 24719301 |  93.11 |   6.57 |   0.32 |   843717 |       43534 |    34 |  694184 |    4231 |       0 |    873420
51s | 27202892 |  92.77 |   6.91 |   0.31 |  1287500 |       41848 |    35 |  694184 |    8486 |     285 |   1292612
52s | 29839491 |  93.38 |   6.62 |   0.00 |   749699 |       35533 |    36 |  694184 |      21 |       0 |    708095
53s | 30054648 |  93.59 |   6.28 |   0.13 |   706808 |       35086 |    36 |  694184 |    1119 |       0 |    708053
54s | 26953598 |  93.09 |   6.65 |   0.26 |  1202046 |       38594 |    37 |  694184 |    5165 |     168 |   1203836
55s | 27268053 |  93.12 |   6.58 |   0.30 |   979925 |       40679 |    38 |  694184 |    6332 |     225 |   1005014
56s | 30187021 |  93.32 |   6.60 |   0.08 |   978445 |       36080 |    38 |  694184 |    2401 |       0 |    945863
57s | 30996869 |  93.87 |   6.04 |   0.09 |   850309 |       33568 |    39 |  694184 |     297 |       0 |    836699
58s | 26977430 |  93.20 |   6.51 |   0.29 |  1180822 |       39212 |    40 |  694184 |    5115 |     173 |   1192279
59s | 29648947 |  93.18 |   6.57 |   0.26 |   882739 |       35542 |    41 |  694184 |    5171 |     227 |    907001
60s | 30145967 |  93.26 |   6.60 |   0.14 |   949679 |       36179 |    41 |  694184 |    4325 |       0 |    936703
