Starting 4 worker threads...
Workers: 4 (maintenance threads: 1) | write_pct=5 | ttl_ns=1000000000 | batch=256 | keyspace=1048576 hot=65536 (90%)
Time | Ops/s | Hit% | Miss% | Exp% | Writes/s | Latency(ns) | Epoch | RSS(KB) | Evict/s | Clean/s | Retire/s
------------------------------------------------------------------------------------------------------------------
 1s | 31656690 |  84.94 |  15.06 |   0.00 |  1469170 |       33972 |     0 |  671468 |       1 |       0 |   1270001
 2s | 25881891 |  91.14 |   8.54 |   0.32 |  1232163 |       40518 |     1 |  671532 |    4923 |     147 |   1211319
 3s | 26742887 |  91.11 |   8.53 |   0.35 |  1171559 |       39773 |     2 |  677692 |    5391 |     194 |   1168357
 4s | 29456584 |  91.11 |   8.56 |   0.33 |  1136840 |       36523 |     2 |  687608 |    5477 |       0 |   1139626
 5s | 28052985 |  91.63 |   8.28 |   0.09 |  1334777 |       36765 |     3 |  687608 |    1891 |       0 |   1255766
 6s | 26366336 |  92.21 |   7.62 |   0.17 |   975232 |       38544 |     4 |  691132 |    2561 |     127 |    951401
 7s | 28631518 |  92.04 |   7.67 |   0.29 |   987614 |       37353 |     4 |  692620 |    4105 |       0 |    999013
 8s | 27363017 |  91.85 |   7.81 |   0.34 |  1275593 |       38039 |     5 |  692832 |    6555 |     206 |   1273677
 9s | 25831071 |  92.02 |   7.78 |   0.20 |  1066655 |       40968 |     6 |  693096 |    3043 |     255 |   1040064
10s | 29082103 |  92.81 |   7.12 |   0.07 |  1151479 |       36705 |     6 |  693096 |    1198 |       0 |   1098282
11s | 29818601 |  92.65 |   7.05 |   0.30 |  1015529 |       36144 |     7 |  693096 |    4149 |     153 |   1041255
12s | 26224266 |  92.10 |   7.55 |   0.35 |  1058442 |       43188 |     8 |  693096 |    5900 |     246 |   1075682
13s | 30036818 |  92.06 |   7.68 |   0.26 |   856914 |       35667 |     8 |  694680 |    3821 |       0 |    873155
14s | 25504209 |  92.74 |   7.25 |   0.01 |  1210833 |       39864 |     9 |  694680 |     193 |       0 |   1135414
15s | 27002101 |  92.75 |   6.97 |   0.28 |  1021173 |       40819 |    10 |  694680 |    4006 |     188 |   1031817
16s | 27397480 |  92.52 |   7.17 |   0.31 |   863592 |       37430 |    10 |  694680 |    4188 |       0 |    892046
17s | 24435550 |  92.02 |   7.60 |   0.38 |  1162078 |       42978 |    11 |  694680 |    7593 |     271 |   1172320
18s | 26847090 |  92.61 |   7.33 |   0.06 |   968562 |       39008 |    12 |  694680 |    1337 |       0 |    920161
19s | 27160900 |  93.08 |   6.79 |   0.13 |   844100 |       39769 |    12 |  694680 |    1211 |       0 |    829902
20s | 26223634 |  92.74 |   6.97 |   0.29 |  1180690 |       39439 |    13 |  694680 |    5218 |     165 |   1182926
21s | 26217634 |  92.58 |   7.09 |   0.34 |   998562 |       40802 |    14 |  694680 |    6176 |     216 |   1022112
22s | 28073831 |  92.62 |   7.23 |   0.15 |   917351 |       37966 |    15 |  694680 |    2052 |       0 |    899517
23s | 27513035 |  93.26 |   6.66 |   0.08 |   942283 |       37730 |    15 |  694680 |     683 |       0 |    909186
24s | 27800277 |  92.93 |   6.78 |   0.29 |   975573 |       38869 |    16 |  694680 |    4324 |     140 |    998055
25s | 25303502 |  92.35 |   7.32 |   0.32 |   915918 |       40752 |    17 |  694680 |    5164 |     233 |    936385
26s | 27610239 |  92.67 |   7.14 |   0.19 |  1047679 |       39027 |    17 |  694680 |    4120 |       0 |   1033557
27s | 26712906 |  93.37 |   6.60 |   0.03 |  1047370 |       39132 |    18 |  694680 |     182 |       0 |    995524
28s | 23176637 |  93.09 |   6.59 |   0.32 |  1017277 |       44230 |    19 |  694680 |    4752 |     160 |   1031558
29s | 25329372 |  92.88 |   6.82 |   0.30 |   835292 |       40790 |    19 |  694680 |    4117 |       0 |    858900
30s | 26950438 |  92.58 |   7.09 |   0.33 |   899878 |       40613 |    20 |  694680 |    5734 |     224 |    931947
31s | 24068312 |  93.08 |   6.91 |   0.01 |  1134808 |       46599 |    21 |  694680 |     181 |       0 |   1068501
32s | 25593312 |  93.32 |   6.47 |   0.21 |   968160 |       42710 |    21 |  694680 |    2703 |       0 |    966955
33s | 26801541 |  92.96 |   6.72 |   0.32 |   992645 |       39033 |    22 |  694680 |    4964 |     176 |   1018187
34s | 24742280 |  92.61 |   7.03 |   0.36 |  1169800 |       45321 |    23 |  694680 |    7645 |     252 |   1183243
35s | 26661083 |  92.85 |   7.04 |   0.11 |   864475 |       39232 |    24 |  694680 |    1861 |       0 |    840052
36s | 27429388 |  93.46 |   6.46 |   0.08 |   866828 |       37886 |    24 |  694680 |     492 |       0 |    840359
37s | 23399871 |  93.02 |   6.67 |   0.31 |  1109439 |       46592 |    25 |  694680 |    5136 |     163 |   1117134
38s | 24103654 |  92.96 |   6.72 |   0.33 |   989926 |       44931 |    26 |  694680 |    5797 |     250 |   1009306
39s | 25866978 |  92.86 |   6.91 |   0.23 |   930530 |       40148 |    26 |  694680 |    5130 |       0 |    932462
40s | 23870318 |  93.51 |   6.46 |   0.02 |  1125230 |       43156 |    27 |  694680 |     380 |       0 |   1068944
41s | 25049364 |  93.32 |   6.41 |   0.27 |   846100 |       41447 |    28 |  694680 |    3675 |     168 |    866268
42s | 26567503 |  93.01 |   6.71 |   0.28 |   738127 |       38687 |    28 |  694680 |    3547 |       0 |    768376
43s | 23908624 |  92.61 |   7.07 |   0.31 |  1134864 |       44276 |    29 |  694680 |    7027 |     295 |   1137996
44s | 24028270 |  93.38 |   6.61 |   0.00 |   873582 |       42245 |    30 |  694680 |      76 |       0 |    825288
45s | 24941510 |  93.49 |   6.32 |   0.20 |   836550 |       44418 |    30 |  694680 |    2224 |       0 |    840655
46s | 23971282 |  93.12 |   6.58 |   0.30 |   976338 |       44549 |    31 |  694680 |    4821 |     163 |    992979
47s | 24025219 |  92.74 |   6.90 |   0.35 |   952451 |       44287 |    32 |  694680 |    6596 |     295 |    977886
48s | 25176595 |  93.03 |   6.90 |   0.07 |   678419 |       42418 |    33 |  694680 |    1030 |       0 |    653859
49s | 23445160 |  93.60 |   6.32 |   0.08 |  1015464 |       48807 |    33 |  694680 |     968 |       0 |    979846
50s | 23523248 |  93.35 |   6.33 |   0.32 |  1114032 |       45671 |    34 |  694680 |    5274 |     151 |   1127448
51s | 25146731 |  93.02 |   6.64 |   0.34 |   890219 |       43374 |    35 |  694680 |    5689 |     253 |    921150
52s | 25436088 |  93.00 |   6.83 |   0.17 |   950200 |       43604 |    35 |  694680 |    4336 |       0 |    936826
53s | 26165677 |  93.71 |   6.25 |   0.04 |   922029 |       42040 |    36 |  694680 |     189 |       0 |    884518
54s | 23085230 |  93.22 |   6.47 |   0.31 |   999598 |       46675 |    37 |  694680 |    4498 |     143 |   1015257
55s | 27576431 |  93.31 |   6.44 |   0.25 |  1026159 |       37980 |    38 |  694680 |    4853 |     191 |   1036696
56s | 27048609 |  92.99 |   6.73 |   0.28 |   887457 |       38571 |    38 |  694680 |    4650 |       0 |    910057
57s | 24812623 |  93.60 |   6.39 |   0.02 |  1125455 |       45177 |    39 |  694680 |     199 |       0 |   1068235
58s | 25026457 |  93.38 |   6.35 |   0.28 |   892825 |       42192 |    40 |  694680 |    3952 |     160 |    912815
59s | 27703665 |  93.15 |   6.59 |   0.26 |   870769 |       37633 |    40 |  694680 |    4044 |       0 |    892004
60s | 26181366 |  92.90 |   6.78 |   0.32 |  1109750 |       41289 |    41 |  694680 |    7004 |     225 |   1125451
