Starting 4 worker threads...
Workers: 4 (maintenance threads: 1) | write_pct=5 | ttl_ns=1000000000 | batch=512 | keyspace=1048576 hot=65536 (90%)
Time | Ops/s | Hit% | Miss% | Exp% | Writes/s | Latency(ns) | Epoch | RSS(KB) | Evict/s | Clean/s | Retire/s
------------------------------------------------------------------------------------------------------------------
 1s | 14644176 |  77.89 |  22.11 |   0.00 |   697296 |      316434 |     0 |  627720 |       0 |       0 |    565368
 2s | 14244090 |  90.78 |   9.18 |   0.04 |   678138 |      149289 |     1 |  630108 |     296 |       0 |    623759
 3s | 13775319 |  90.59 |   9.11 |   0.30 |   655831 |      153562 |     2 |  634868 |    2198 |     139 |    640268
 4s | 13401142 |  90.49 |   9.11 |   0.40 |   638006 |      163838 |     3 |  644016 |    2885 |     195 |    635199
 5s | 14527938 |  90.40 |   9.19 |   0.41 |   691650 |      148258 |     3 |  644932 |    3179 |       0 |    689409
 6s | 12136448 |  91.53 |   8.47 |   0.00 |   577536 |      179786 |     4 |  644932 |       3 |       0 |    531377
 7s | 11981518 |  91.04 |   8.73 |   0.23 |   570062 |      174361 |     5 |  644932 |    1402 |     102 |    551486
 8s | 13706139 |  91.05 |   8.60 |   0.36 |   652187 |      158036 |     5 |  644932 |    2799 |       0 |    649260
 9s | 14213729 |  91.00 |   8.55 |   0.45 |   676449 |      150715 |     6 |  645256 |    3653 |     156 |    686276
10s | 12402820 |  91.64 |   8.23 |   0.13 |   589956 |      173715 |     7 |  647568 |     888 |       0 |    560111
11s | 12639117 |  91.80 |   8.06 |   0.14 |   600973 |      162985 |     8 |  647568 |     969 |      54 |    574468
12s | 13636862 |  91.58 |   8.10 |   0.32 |   648446 |      155394 |     9 |  649452 |    2723 |     150 |    645358
13s | 14084343 |  91.48 |   8.09 |   0.44 |   669943 |      156931 |     9 |  649452 |    3626 |       0 |    681344
14s | 13852040 |  91.61 |   8.10 |   0.29 |   658824 |      162782 |    10 |  649452 |    2397 |     232 |    649690
15s | 12772000 |  92.37 |   7.57 |   0.06 |   606880 |      167235 |    11 |  649452 |     419 |      18 |    573774
16s | 11795939 |  91.69 |   7.98 |   0.33 |   560611 |      176067 |    11 |  649452 |    2250 |       0 |    560290
17s | 13903389 |  91.46 |   8.12 |   0.42 |   661021 |      154002 |    12 |  652528 |    3630 |     160 |    671741
18s | 12170447 |  91.46 |   8.09 |   0.45 |   578767 |      179709 |    13 |  652740 |    3460 |     254 |    590399
19s | 12238588 |  92.53 |   7.46 |   0.01 |   581372 |      177978 |    14 |  652740 |      70 |       0 |    543807
20s | 12509504 |  91.94 |   7.81 |   0.25 |   594240 |      173638 |    14 |  652740 |    1764 |       0 |    585757
21s | 12191519 |  91.61 |   7.98 |   0.41 |   579359 |      177005 |    15 |  652740 |    2905 |     175 |    588030
22s | 12264965 |  91.39 |   8.09 |   0.52 |   583173 |      173729 |    16 |  652740 |    4040 |     242 |    604068
23s | 12363292 |  92.29 |   7.62 |   0.09 |   587292 |      167585 |    17 |  652740 |     673 |       0 |    558364
24s | 13910988 |  92.50 |   7.34 |   0.15 |   660428 |      159112 |    17 |  652740 |    1233 |       0 |    638947
25s | 12389047 |  92.03 |   7.58 |   0.39 |   588471 |      167540 |    18 |  652740 |    2931 |     124 |    596953
26s | 12703305 |  91.56 |   7.95 |   0.49 |   603721 |      165251 |    19 |  652740 |    3995 |     217 |    622465
27s | 13520218 |  92.08 |   7.67 |   0.25 |   642394 |      158096 |    20 |  652740 |    2307 |       0 |    631834
28s | 13773021 |  92.82 |   7.10 |   0.08 |   653533 |      156886 |    20 |  653344 |     653 |       0 |    623485
29s | 13068246 |  92.21 |   7.44 |   0.35 |   620502 |      160659 |    21 |  653344 |    2760 |     147 |    625347
30s | 13661966 |  92.10 |   7.48 |   0.42 |   648974 |      157114 |    22 |  653344 |    3866 |     199 |    662699
31s | 11920637 |  91.91 |   7.67 |   0.42 |   566525 |      184096 |    23 |  653344 |    3365 |       0 |    576745
32s | 10350143 |  92.73 |   7.25 |   0.03 |   491071 |      203919 |    24 |  653344 |     111 |      49 |    462771
33s | 11915321 |  91.89 |   7.86 |   0.25 |   565305 |      182248 |    24 |  653344 |    1642 |       0 |    556986
34s | 11808199 |  91.79 |   7.82 |   0.39 |   560583 |      177247 |    25 |  653344 |    2962 |     157 |    568799
35s | 13210548 |  91.67 |   7.81 |   0.53 |   627636 |      164163 |    26 |  653344 |    4766 |     252 |    653496
36s | 13089090 |  92.83 |   7.17 |   0.00 |   620866 |      160648 |    27 |  653344 |      15 |       0 |    581536
37s | 13377042 |  92.66 |   7.14 |   0.20 |   634386 |      164272 |    27 |  653344 |    1604 |       0 |    622604
38s | 12027251 |  92.10 |   7.50 |   0.41 |   570739 |      177236 |    28 |  653344 |    3065 |     116 |    582265
39s | 11885855 |  91.65 |   7.85 |   0.50 |   564511 |      182294 |    29 |  653344 |    3964 |     244 |    585522
40s | 11833826 |  92.22 |   7.57 |   0.20 |   561634 |      190788 |    30 |  653344 |    1705 |       0 |    547927
41s | 12095530 |  92.64 |   7.24 |   0.11 |   573482 |      173027 |    30 |  653344 |     800 |       0 |    551903
42s | 13278239 |  92.22 |   7.45 |   0.33 |   629791 |      162056 |    31 |  653344 |    2786 |      95 |    632797
43s | 13020780 |  92.14 |   7.43 |   0.43 |   618092 |      162978 |    32 |  653344 |    3825 |     229 |    633331
44s | 12715610 |  92.12 |   7.52 |   0.36 |   603738 |      171832 |    33 |  654760 |    3314 |       0 |    608528
45s | 13445401 |  93.03 |   6.93 |   0.04 |   637209 |      158568 |    33 |  654760 |     316 |       0 |    604145
46s | 13209196 |  92.49 |   7.22 |   0.29 |   626284 |      157123 |    34 |  654760 |    2417 |      78 |    626594
47s | 13063429 |  92.28 |   7.31 |   0.41 |   619781 |      174400 |    35 |  654760 |    3712 |     193 |    633605
48s | 13266096 |  92.01 |   7.52 |   0.47 |   629936 |      165191 |    36 |  654760 |    4475 |       0 |    649218
49s | 13247640 |  93.07 |   6.93 |   0.00 |   627864 |      170158 |    36 |  654760 |      32 |       0 |    590839
50s | 12318908 |  92.36 |   7.37 |   0.27 |   583868 |      183457 |    37 |  654760 |    1922 |      92 |    580696
51s | 13132008 |  92.39 |   7.25 |   0.36 |   622824 |      160345 |    38 |  654760 |    3126 |     165 |    630868
52s | 12913197 |  92.08 |   7.43 |   0.49 |   612909 |      164546 |    39 |  654760 |    4524 |     298 |    635033
53s | 13759657 |  92.70 |   7.17 |   0.12 |   652457 |      154157 |    39 |  654760 |    1237 |       0 |    628119
54s | 13161344 |  92.85 |   6.99 |   0.16 |   623488 |      164717 |    40 |  654760 |    1344 |       0 |    607772
55s | 13153304 |  92.49 |   7.16 |   0.35 |   623640 |      159900 |    41 |  654760 |    2922 |     151 |    631579
56s | 12650799 |  92.21 |   7.34 |   0.45 |   600367 |      167779 |    42 |  654760 |    4051 |     261 |    618101
57s | 12809751 |  92.19 |   7.51 |   0.30 |   607767 |      175425 |    42 |  654760 |    2801 |       0 |    605056
58s | 12963461 |  93.02 |   6.91 |   0.08 |   614021 |      162195 |    43 |  654760 |     588 |       0 |    586931
59s | 12993911 |  92.52 |   7.16 |   0.31 |   615799 |      165899 |    44 |  654760 |    2631 |     128 |    618797
60s | 13067615 |  92.33 |   7.25 |   0.42 |   619871 |      170998 |    45 |  654896 |    3703 |     224 |    635154
